$ANSIBLE_VAULT;1.1;AES256
61643134323362653334623863333130643034623735616339373261383535633737336464616335
6663303966323662666633636535393937326362323337610a613233326636323831616563653165
36373339383131303531366564303237356438356134373032626534316430336465363936383339
3664393663356264380a626634626133316161333561396539656634666432313432653733353162
30383963663339363562353332623435316161376266613838633632663635363239366133373762
39656235326338623036353266643730353734656161616536626333663661633761336237346638
34373861666337336635646565616433653236313535303537386133313862333131316564656232
36343136303237366266316461376664313032343665343234616661643031663637363565336261
32316434383132346239353033393630383766333338386431316136623230656330656235626430
38313661653032633732343333653135393365666338343062353537623436363535343935383436
33633164393737303266313636393530343836633733623332613530623435613738353330663731
31353736336631306232386135653636313062313135356238386238373666336363656536373232
35376535316565613337393931323166336534366432333561353362306539346264653736333339
66396161363765663462393862316663336264646433663732323062303234343461613163336638
32363235323433613764636362663239333737353762323235623863393832646438353661626235
38656361303732383932373538643864666463626234303864663030616463666461396465313534
61613933396464336661363835343134346165393035303733663064393063643662303065393064
64363862636533333331373362623332393532313738376331373961666330653334343038646432
33393263373739363032383938363931313265303262313537303131383533363561383966366131
34363330316665623631646131653665663862316661663838646662373732313166323738316638
61336263376362383338313736346638623232306434313432323330323636313163326331623038
33366264643361303731633533326564376136343632363235363337376662616639373935306237
62643537623963646438323661316331303239663935353261613938346138366464313863323964
62643732326639333365393362623130393939623037353865346566636337383733396136653362
62643734663661396166646431626361633766316437383333613163316331346335
